[1, 5, 10, 25, 50]
2010
[1, 5, 10, 25, 50]
2011
[1, 5, 10, 25, 50]
2012
[1, 5, 10, 25, 50]
2013
[1, 5, 10, 25, 50]
2014
[1, 5, 10, 25, 50]
2015
[1, 5, 10, 25, 50]
2016
[1, 5, 10, 25, 50]
2017
[1, 5, 10, 25, 50]
2018
[1, 5, 10, 25, 50]
2019
[1, 5, 10, 25, 50]
2020
[1, 5, 10, 25, 50]
2021
[1, 5, 10, 25, 50]
2022
[1, 5, 10, 25, 50]
2023
[1, 5, 10, 25, 50]
2024
[1, 5, 10, 25, 50]
2025
[1, 5, 10, 25, 50]
2026
[1, 5, 10, 25, 50]
2027
[1, 5, 10, 25, 50]
2028
[1, 5, 10, 25, 50]
2029
[1, 5, 10, 25, 50]
2030
[1, 5, 10, 25, 50]
2031
[1, 5, 10, 25, 50]
2032
[1, 5, 10, 25, 50]
2033
[1, 5, 10, 25, 50]
2034
[1, 5, 10, 25, 50]
2035
[1, 5, 10, 25, 50]
2036
[1, 5, 10, 25, 50]
2037
[1, 5, 10, 25, 50]
2038
[1, 5, 10, 25, 50]
2039
[1, 5, 10, 25, 50]
2040
[1, 5, 10, 25, 50]
2041
[1, 5, 10, 25, 50]
2042
[1, 5, 10, 25, 50]
2043
[1, 5, 10, 25, 50]
2044
[1, 5, 10, 25, 50]
2045
[1, 5, 10, 25, 50]
2046
[1, 5, 10, 25, 50]
2047
[1, 5, 10, 25, 50]
2048
[1, 5, 10, 25, 50]
2049
[1, 5, 10, 25, 50]
2050
[1, 5, 10, 25, 50]
2051
[1, 5, 10, 25, 50]
2052
[1, 5, 10, 25, 50]
2053
[1, 5, 10, 25, 50]
2054
[1, 5, 10, 25, 50]
2055
[1, 5, 10, 25, 50]
2056
[1, 5, 10, 25, 50]
2057
[1, 5, 10, 25, 50]
2058
[1, 5, 10, 25, 50]
2059
[1, 5, 10, 25, 50]
2060
[1, 5, 10, 25, 50]
2061
[1, 5, 10, 25, 50]
2062
[1, 5, 10, 25, 50]
2063
[1, 5, 10, 25, 50]
2064
[1, 5, 10, 25, 50]
2065
[1, 5, 10, 25, 50]
2066
[1, 5, 10, 25, 50]
2067
[1, 5, 10, 25, 50]
2068
[1, 5, 10, 25, 50]
2069
[1, 5, 10, 25, 50]
2070
[1, 5, 10, 25, 50]
2071
[1, 5, 10, 25, 50]
2072
[1, 5, 10, 25, 50]
2073
[1, 5, 10, 25, 50]
2074
[1, 5, 10, 25, 50]
2075
[1, 5, 10, 25, 50]
2076
[1, 5, 10, 25, 50]
2077
[1, 5, 10, 25, 50]
2078
[1, 5, 10, 25, 50]
2079
[1, 5, 10, 25, 50]
2080
[1, 5, 10, 25, 50]
2081
[1, 5, 10, 25, 50]
2082
[1, 5, 10, 25, 50]
2083
[1, 5, 10, 25, 50]
2084
[1, 5, 10, 25, 50]
2085
[1, 5, 10, 25, 50]
2086
[1, 5, 10, 25, 50]
2087
[1, 5, 10, 25, 50]
2088
[1, 5, 10, 25, 50]
2089
[1, 5, 10, 25, 50]
2090
[1, 5, 10, 25, 50]
2091
[1, 5, 10, 25, 50]
2092
[1, 5, 10, 25, 50]
2093
[1, 5, 10, 25, 50]
2094
[1, 5, 10, 25, 50]
2095
[1, 5, 10, 25, 50]
2096
[1, 5, 10, 25, 50]
2097
[1, 5, 10, 25, 50]
2098
[1, 5, 10, 25, 50]
2099
[1, 5, 10, 25, 50]
2100
[1, 5, 10, 25, 50]
2101
[1, 5, 10, 25, 50]
2102
[1, 5, 10, 25, 50]
2103
[1, 5, 10, 25, 50]
2104
[1, 5, 10, 25, 50]
2105
[1, 5, 10, 25, 50]
2106
[1, 5, 10, 25, 50]
2107
[1, 5, 10, 25, 50]
2108
[1, 5, 10, 25, 50]
2109
[1, 5, 10, 25, 50]
2110
[1, 5, 10, 25, 50]
2111
[1, 5, 10, 25, 50]
2112
[1, 5, 10, 25, 50]
2113
[1, 5, 10, 25, 50]
2114
[1, 5, 10, 25, 50]
2115
[1, 5, 10, 25, 50]
2116
[1, 5, 10, 25, 50]
2117
[1, 5, 10, 25, 50]
2118
[1, 5, 10, 25, 50]
2119
[1, 5, 10, 25, 50]
2120
[1, 5, 10, 25, 50]
2121
[1, 5, 10, 25, 50]
2122
[1, 5, 10, 25, 50]
2123
[1, 5, 10, 25, 50]
2124
[1, 5, 10, 25, 50]
2125
[1, 5, 10, 25, 50]
2126
[1, 5, 10, 25, 50]
2127
[1, 5, 10, 25, 50]
2128
[1, 5, 10, 25, 50]
2129
[1, 5, 10, 25, 50]
2130
[1, 5, 10, 25, 50]
2131
[1, 5, 10, 25, 50]
2132
[1, 5, 10, 25, 50]
2133
[1, 5, 10, 25, 50]
2134
[1, 5, 10, 25, 50]
2135
[1, 5, 10, 25, 50]
2136
[1, 5, 10, 25, 50]
2137
[1, 5, 10, 25, 50]
2138
[1, 5, 10, 25, 50]
2139
[1, 5, 10, 25, 50]
2140
[1, 5, 10, 25, 50]
2141
[1, 5, 10, 25, 50]
2142
[1, 5, 10, 25, 50]
2143
[1, 5, 10, 25, 50]
2144
[1, 5, 10, 25, 50]
2145
[1, 5, 10, 25, 50]
2146
[1, 5, 10, 25, 50]
2147
[1, 5, 10, 25, 50]
2148
[1, 5, 10, 25, 50]
2149
[1, 5, 10, 25, 50]
2150
[1, 5, 10, 25, 50]
2151
[1, 5, 10, 25, 50]
2152
[1, 5, 10, 25, 50]
2153
[1, 5, 10, 25, 50]
2154
[1, 5, 10, 25, 50]
2155
[1, 5, 10, 25, 50]
2156
[1, 5, 10, 25, 50]
2157
[1, 5, 10, 25, 50]
2158
[1, 5, 10, 25, 50]
2159
[1, 5, 10, 25, 50]
2160
[1, 5, 10, 25, 50]
2161
[1, 5, 10, 25, 50]
2162
[1, 5, 10, 25, 50]
2163
[1, 5, 10, 25, 50]
2164
[1, 5, 10, 25, 50]
2165
[1, 5, 10, 25, 50]
2166
[1, 5, 10, 25, 50]
2167
[1, 5, 10, 25, 50]
2168
[1, 5, 10, 25, 50]
2169
[1, 5, 10, 25, 50]
2170
[1, 5, 10, 25, 50]
2171
[1, 5, 10, 25, 50]
2172
[1, 5, 10, 25, 50]
2173
[1, 5, 10, 25, 50]
2174
[1, 5, 10, 25, 50]
2175
[1, 5, 10, 25, 50]
2176
[1, 5, 10, 25, 50]
2177
[1, 5, 10, 25, 50]
2178
[1, 5, 10, 25, 50]
2179
[1, 5, 10, 25, 50]
2180
[1, 5, 10, 25, 50]
2181
[1, 5, 10, 25, 50]
2182
[1, 5, 10, 25, 50]
2183
[1, 5, 10, 25, 50]
2184
[1, 5, 10, 25, 50]
2185
[1, 5, 10, 25, 50]
2186
[1, 5, 10, 25, 50]
2187
[1, 5, 10, 25, 50]
2188
[1, 5, 10, 25, 50]
2189
[1, 5, 10, 25, 50]
2190
[1, 5, 10, 25, 50]
2191
[1, 5, 10, 25, 50]
2192
[1, 5, 10, 25, 50]
2193
[1, 5, 10, 25, 50]
2194
[1, 5, 10, 25, 50]
2195
[1, 5, 10, 25, 50]
2196
[1, 5, 10, 25, 50]
2197
[1, 5, 10, 25, 50]
2198
[1, 5, 10, 25, 50]
2199
[1, 5, 10, 25, 50]
2200
