[1]
2000
[1, 5]
2000
[1, 5, 10]
2000
[1, 5, 10, 25]
2000
[1, 5, 10, 25, 50]
2000
[1, 5, 10, 25, 50, 100]
2000
[1, 5, 10, 25, 50, 100, 500]
2000
[1, 5, 10, 25, 50, 100, 500, 1000]
2000
[1]
2001
[1, 5]
2001
[1, 5, 10]
2001
[1, 5, 10, 25]
2001
[1, 5, 10, 25, 50]
2001
[1, 5, 10, 25, 50, 100]
2001
[1, 5, 10, 25, 50, 100, 500]
2001
[1, 5, 10, 25, 50, 100, 500, 1000]
2001
[1]
2002
[1, 5]
2002
[1, 5, 10]
2002
[1, 5, 10, 25]
2002
[1, 5, 10, 25, 50]
2002
[1, 5, 10, 25, 50, 100]
2002
[1, 5, 10, 25, 50, 100, 500]
2002
[1, 5, 10, 25, 50, 100, 500, 1000]
2002
[1]
2003
[1, 5]
2003
[1, 5, 10]
2003
[1, 5, 10, 25]
2003
[1, 5, 10, 25, 50]
2003
[1, 5, 10, 25, 50, 100]
2003
[1, 5, 10, 25, 50, 100, 500]
2003
[1, 5, 10, 25, 50, 100, 500, 1000]
2003
[1]
2004
[1, 5]
2004
[1, 5, 10]
2004
[1, 5, 10, 25]
2004
[1, 5, 10, 25, 50]
2004
[1, 5, 10, 25, 50, 100]
2004
[1, 5, 10, 25, 50, 100, 500]
2004
[1, 5, 10, 25, 50, 100, 500, 1000]
2004
[1]
2005
[1, 5]
2005
[1, 5, 10]
2005
[1, 5, 10, 25]
2005
[1, 5, 10, 25, 50]
2005
[1, 5, 10, 25, 50, 100]
2005
[1, 5, 10, 25, 50, 100, 500]
2005
[1, 5, 10, 25, 50, 100, 500, 1000]
2005
[1]
2006
[1, 5]
2006
[1, 5, 10]
2006
[1, 5, 10, 25]
2006
[1, 5, 10, 25, 50]
2006
[1, 5, 10, 25, 50, 100]
2006
[1, 5, 10, 25, 50, 100, 500]
2006
[1, 5, 10, 25, 50, 100, 500, 1000]
2006
[1]
2007
[1, 5]
2007
[1, 5, 10]
2007
[1, 5, 10, 25]
2007
[1, 5, 10, 25, 50]
2007
[1, 5, 10, 25, 50, 100]
2007
[1, 5, 10, 25, 50, 100, 500]
2007
[1, 5, 10, 25, 50, 100, 500, 1000]
2007
[1]
2008
[1, 5]
2008
[1, 5, 10]
2008
[1, 5, 10, 25]
2008
[1, 5, 10, 25, 50]
2008
[1, 5, 10, 25, 50, 100]
2008
[1, 5, 10, 25, 50, 100, 500]
2008
[1, 5, 10, 25, 50, 100, 500, 1000]
2008
[1]
2009
[1, 5]
2009
[1, 5, 10]
2009
[1, 5, 10, 25]
2009
[1, 5, 10, 25, 50]
2009
[1, 5, 10, 25, 50, 100]
2009
[1, 5, 10, 25, 50, 100, 500]
2009
[1, 5, 10, 25, 50, 100, 500, 1000]
2009
[1]
2010
[1, 5]
2010
[1, 5, 10]
2010
[1, 5, 10, 25]
2010
[1, 5, 10, 25, 50]
2010
[1, 5, 10, 25, 50, 100]
2010
[1, 5, 10, 25, 50, 100, 500]
2010
[1, 5, 10, 25, 50, 100, 500, 1000]
2010
[1]
2011
[1, 5]
2011
[1, 5, 10]
2011
[1, 5, 10, 25]
2011
[1, 5, 10, 25, 50]
2011
[1, 5, 10, 25, 50, 100]
2011
[1, 5, 10, 25, 50, 100, 500]
2011
[1, 5, 10, 25, 50, 100, 500, 1000]
2011
[1]
2012
[1, 5]
2012
[1, 5, 10]
2012
[1, 5, 10, 25]
2012
[1, 5, 10, 25, 50]
2012
[1, 5, 10, 25, 50, 100]
2012
[1, 5, 10, 25, 50, 100, 500]
2012
[1, 5, 10, 25, 50, 100, 500, 1000]
2012
[1]
2013
[1, 5]
2013
[1, 5, 10]
2013
[1, 5, 10, 25]
2013
[1, 5, 10, 25, 50]
2013
[1, 5, 10, 25, 50, 100]
2013
[1, 5, 10, 25, 50, 100, 500]
2013
[1, 5, 10, 25, 50, 100, 500, 1000]
2013
[1]
2014
[1, 5]
2014
[1, 5, 10]
2014
[1, 5, 10, 25]
2014
[1, 5, 10, 25, 50]
2014
[1, 5, 10, 25, 50, 100]
2014
[1, 5, 10, 25, 50, 100, 500]
2014
[1, 5, 10, 25, 50, 100, 500, 1000]
2014
[1]
2015
[1, 5]
2015
[1, 5, 10]
2015
[1, 5, 10, 25]
2015
[1, 5, 10, 25, 50]
2015
[1, 5, 10, 25, 50, 100]
2015
[1, 5, 10, 25, 50, 100, 500]
2015
[1, 5, 10, 25, 50, 100, 500, 1000]
2015
[1]
2016
[1, 5]
2016
[1, 5, 10]
2016
[1, 5, 10, 25]
2016
[1, 5, 10, 25, 50]
2016
[1, 5, 10, 25, 50, 100]
2016
[1, 5, 10, 25, 50, 100, 500]
2016
[1, 5, 10, 25, 50, 100, 500, 1000]
2016
[1]
2017
[1, 5]
2017
[1, 5, 10]
2017
[1, 5, 10, 25]
2017
[1, 5, 10, 25, 50]
2017
[1, 5, 10, 25, 50, 100]
2017
[1, 5, 10, 25, 50, 100, 500]
2017
[1, 5, 10, 25, 50, 100, 500, 1000]
2017
[1]
2018
[1, 5]
2018
[1, 5, 10]
2018
[1, 5, 10, 25]
2018
[1, 5, 10, 25, 50]
2018
[1, 5, 10, 25, 50, 100]
2018
[1, 5, 10, 25, 50, 100, 500]
2018
[1, 5, 10, 25, 50, 100, 500, 1000]
2018
[1]
2019
[1, 5]
2019
[1, 5, 10]
2019
[1, 5, 10, 25]
2019
[1, 5, 10, 25, 50]
2019
[1, 5, 10, 25, 50, 100]
2019
[1, 5, 10, 25, 50, 100, 500]
2019
[1, 5, 10, 25, 50, 100, 500, 1000]
2019
[1]
2020
[1, 5]
2020
[1, 5, 10]
2020
[1, 5, 10, 25]
2020
[1, 5, 10, 25, 50]
2020
[1, 5, 10, 25, 50, 100]
2020
[1, 5, 10, 25, 50, 100, 500]
2020
[1, 5, 10, 25, 50, 100, 500, 1000]
2020
[1]
2021
[1, 5]
2021
[1, 5, 10]
2021
[1, 5, 10, 25]
2021
[1, 5, 10, 25, 50]
2021
[1, 5, 10, 25, 50, 100]
2021
[1, 5, 10, 25, 50, 100, 500]
2021
[1, 5, 10, 25, 50, 100, 500, 1000]
2021
[1]
2022
[1, 5]
2022
[1, 5, 10]
2022
[1, 5, 10, 25]
2022
[1, 5, 10, 25, 50]
2022
[1, 5, 10, 25, 50, 100]
2022
[1, 5, 10, 25, 50, 100, 500]
2022
[1, 5, 10, 25, 50, 100, 500, 1000]
2022
[1]
2023
[1, 5]
2023
[1, 5, 10]
2023
[1, 5, 10, 25]
2023
[1, 5, 10, 25, 50]
2023
[1, 5, 10, 25, 50, 100]
2023
[1, 5, 10, 25, 50, 100, 500]
2023
[1, 5, 10, 25, 50, 100, 500, 1000]
2023
[1]
2024
[1, 5]
2024
[1, 5, 10]
2024
[1, 5, 10, 25]
2024
[1, 5, 10, 25, 50]
2024
[1, 5, 10, 25, 50, 100]
2024
[1, 5, 10, 25, 50, 100, 500]
2024
[1, 5, 10, 25, 50, 100, 500, 1000]
2024
[1]
2025
[1, 5]
2025
[1, 5, 10]
2025
[1, 5, 10, 25]
2025
[1, 5, 10, 25, 50]
2025
[1, 5, 10, 25, 50, 100]
2025
[1, 5, 10, 25, 50, 100, 500]
2025
[1, 5, 10, 25, 50, 100, 500, 1000]
2025
[1]
2026
[1, 5]
2026
[1, 5, 10]
2026
[1, 5, 10, 25]
2026
[1, 5, 10, 25, 50]
2026
[1, 5, 10, 25, 50, 100]
2026
[1, 5, 10, 25, 50, 100, 500]
2026
[1, 5, 10, 25, 50, 100, 500, 1000]
2026
[1]
2027
[1, 5]
2027
[1, 5, 10]
2027
[1, 5, 10, 25]
2027
[1, 5, 10, 25, 50]
2027
[1, 5, 10, 25, 50, 100]
2027
[1, 5, 10, 25, 50, 100, 500]
2027
[1, 5, 10, 25, 50, 100, 500, 1000]
2027
[1]
2028
[1, 5]
2028
[1, 5, 10]
2028
[1, 5, 10, 25]
2028
[1, 5, 10, 25, 50]
2028
[1, 5, 10, 25, 50, 100]
2028
[1, 5, 10, 25, 50, 100, 500]
2028
[1, 5, 10, 25, 50, 100, 500, 1000]
2028
[1]
2029
[1, 5]
2029
[1, 5, 10]
2029
[1, 5, 10, 25]
2029
[1, 5, 10, 25, 50]
2029
[1, 5, 10, 25, 50, 100]
2029
[1, 5, 10, 25, 50, 100, 500]
2029
[1, 5, 10, 25, 50, 100, 500, 1000]
2029
[1]
2030
[1, 5]
2030
[1, 5, 10]
2030
[1, 5, 10, 25]
2030
[1, 5, 10, 25, 50]
2030
[1, 5, 10, 25, 50, 100]
2030
[1, 5, 10, 25, 50, 100, 500]
2030
[1, 5, 10, 25, 50, 100, 500, 1000]
2030
[1]
2031
[1, 5]
2031
[1, 5, 10]
2031
[1, 5, 10, 25]
2031
[1, 5, 10, 25, 50]
2031
[1, 5, 10, 25, 50, 100]
2031
[1, 5, 10, 25, 50, 100, 500]
2031
[1, 5, 10, 25, 50, 100, 500, 1000]
2031
[1]
2032
[1, 5]
2032
[1, 5, 10]
2032
[1, 5, 10, 25]
2032
[1, 5, 10, 25, 50]
2032
[1, 5, 10, 25, 50, 100]
2032
[1, 5, 10, 25, 50, 100, 500]
2032
[1, 5, 10, 25, 50, 100, 500, 1000]
2032
[1]
2033
[1, 5]
2033
[1, 5, 10]
2033
[1, 5, 10, 25]
2033
[1, 5, 10, 25, 50]
2033
[1, 5, 10, 25, 50, 100]
2033
[1, 5, 10, 25, 50, 100, 500]
2033
[1, 5, 10, 25, 50, 100, 500, 1000]
2033
[1]
2034
[1, 5]
2034
[1, 5, 10]
2034
[1, 5, 10, 25]
2034
[1, 5, 10, 25, 50]
2034
[1, 5, 10, 25, 50, 100]
2034
[1, 5, 10, 25, 50, 100, 500]
2034
[1, 5, 10, 25, 50, 100, 500, 1000]
2034
[1]
2035
[1, 5]
2035
[1, 5, 10]
2035
[1, 5, 10, 25]
2035
[1, 5, 10, 25, 50]
2035
[1, 5, 10, 25, 50, 100]
2035
[1, 5, 10, 25, 50, 100, 500]
2035
[1, 5, 10, 25, 50, 100, 500, 1000]
2035
[1]
2036
[1, 5]
2036
[1, 5, 10]
2036
[1, 5, 10, 25]
2036
[1, 5, 10, 25, 50]
2036
[1, 5, 10, 25, 50, 100]
2036
[1, 5, 10, 25, 50, 100, 500]
2036
[1, 5, 10, 25, 50, 100, 500, 1000]
2036
[1]
2037
[1, 5]
2037
[1, 5, 10]
2037
[1, 5, 10, 25]
2037
[1, 5, 10, 25, 50]
2037
[1, 5, 10, 25, 50, 100]
2037
[1, 5, 10, 25, 50, 100, 500]
2037
[1, 5, 10, 25, 50, 100, 500, 1000]
2037
[1]
2038
[1, 5]
2038
[1, 5, 10]
2038
[1, 5, 10, 25]
2038
[1, 5, 10, 25, 50]
2038
[1, 5, 10, 25, 50, 100]
2038
[1, 5, 10, 25, 50, 100, 500]
2038
[1, 5, 10, 25, 50, 100, 500, 1000]
2038
[1]
2039
[1, 5]
2039
[1, 5, 10]
2039
[1, 5, 10, 25]
2039
[1, 5, 10, 25, 50]
2039
[1, 5, 10, 25, 50, 100]
2039
[1, 5, 10, 25, 50, 100, 500]
2039
[1, 5, 10, 25, 50, 100, 500, 1000]
2039
[1]
2040
[1, 5]
2040
[1, 5, 10]
2040
[1, 5, 10, 25]
2040
[1, 5, 10, 25, 50]
2040
[1, 5, 10, 25, 50, 100]
2040
[1, 5, 10, 25, 50, 100, 500]
2040
[1, 5, 10, 25, 50, 100, 500, 1000]
2040
[1]
2041
[1, 5]
2041
[1, 5, 10]
2041
[1, 5, 10, 25]
2041
[1, 5, 10, 25, 50]
2041
[1, 5, 10, 25, 50, 100]
2041
[1, 5, 10, 25, 50, 100, 500]
2041
[1, 5, 10, 25, 50, 100, 500, 1000]
2041
[1]
2042
[1, 5]
2042
[1, 5, 10]
2042
[1, 5, 10, 25]
2042
[1, 5, 10, 25, 50]
2042
[1, 5, 10, 25, 50, 100]
2042
[1, 5, 10, 25, 50, 100, 500]
2042
[1, 5, 10, 25, 50, 100, 500, 1000]
2042
[1]
2043
[1, 5]
2043
[1, 5, 10]
2043
[1, 5, 10, 25]
2043
[1, 5, 10, 25, 50]
2043
[1, 5, 10, 25, 50, 100]
2043
[1, 5, 10, 25, 50, 100, 500]
2043
[1, 5, 10, 25, 50, 100, 500, 1000]
2043
[1]
2044
[1, 5]
2044
[1, 5, 10]
2044
[1, 5, 10, 25]
2044
[1, 5, 10, 25, 50]
2044
[1, 5, 10, 25, 50, 100]
2044
[1, 5, 10, 25, 50, 100, 500]
2044
[1, 5, 10, 25, 50, 100, 500, 1000]
2044
[1]
2045
[1, 5]
2045
[1, 5, 10]
2045
[1, 5, 10, 25]
2045
[1, 5, 10, 25, 50]
2045
[1, 5, 10, 25, 50, 100]
2045
[1, 5, 10, 25, 50, 100, 500]
2045
[1, 5, 10, 25, 50, 100, 500, 1000]
2045
[1]
2046
[1, 5]
2046
[1, 5, 10]
2046
[1, 5, 10, 25]
2046
[1, 5, 10, 25, 50]
2046
[1, 5, 10, 25, 50, 100]
2046
[1, 5, 10, 25, 50, 100, 500]
2046
[1, 5, 10, 25, 50, 100, 500, 1000]
2046
[1]
2047
[1, 5]
2047
[1, 5, 10]
2047
[1, 5, 10, 25]
2047
[1, 5, 10, 25, 50]
2047
[1, 5, 10, 25, 50, 100]
2047
[1, 5, 10, 25, 50, 100, 500]
2047
[1, 5, 10, 25, 50, 100, 500, 1000]
2047
[1]
2048
[1, 5]
2048
[1, 5, 10]
2048
[1, 5, 10, 25]
2048
[1, 5, 10, 25, 50]
2048
[1, 5, 10, 25, 50, 100]
2048
[1, 5, 10, 25, 50, 100, 500]
2048
[1, 5, 10, 25, 50, 100, 500, 1000]
2048
[1]
2049
[1, 5]
2049
[1, 5, 10]
2049
[1, 5, 10, 25]
2049
[1, 5, 10, 25, 50]
2049
[1, 5, 10, 25, 50, 100]
2049
[1, 5, 10, 25, 50, 100, 500]
2049
[1, 5, 10, 25, 50, 100, 500, 1000]
2049
[1]
2050
[1, 5]
2050
[1, 5, 10]
2050
[1, 5, 10, 25]
2050
[1, 5, 10, 25, 50]
2050
[1, 5, 10, 25, 50, 100]
2050
[1, 5, 10, 25, 50, 100, 500]
2050
[1, 5, 10, 25, 50, 100, 500, 1000]
2050
[1]
2051
[1, 5]
2051
[1, 5, 10]
2051
[1, 5, 10, 25]
2051
[1, 5, 10, 25, 50]
2051
[1, 5, 10, 25, 50, 100]
2051
[1, 5, 10, 25, 50, 100, 500]
2051
[1, 5, 10, 25, 50, 100, 500, 1000]
2051
[1]
2052
[1, 5]
2052
[1, 5, 10]
2052
[1, 5, 10, 25]
2052
[1, 5, 10, 25, 50]
2052
[1, 5, 10, 25, 50, 100]
2052
[1, 5, 10, 25, 50, 100, 500]
2052
[1, 5, 10, 25, 50, 100, 500, 1000]
2052
[1]
2053
[1, 5]
2053
[1, 5, 10]
2053
[1, 5, 10, 25]
2053
[1, 5, 10, 25, 50]
2053
[1, 5, 10, 25, 50, 100]
2053
[1, 5, 10, 25, 50, 100, 500]
2053
[1, 5, 10, 25, 50, 100, 500, 1000]
2053
[1]
2054
[1, 5]
2054
[1, 5, 10]
2054
[1, 5, 10, 25]
2054
[1, 5, 10, 25, 50]
2054
[1, 5, 10, 25, 50, 100]
2054
[1, 5, 10, 25, 50, 100, 500]
2054
[1, 5, 10, 25, 50, 100, 500, 1000]
2054
[1]
2055
[1, 5]
2055
[1, 5, 10]
2055
[1, 5, 10, 25]
2055
[1, 5, 10, 25, 50]
2055
[1, 5, 10, 25, 50, 100]
2055
[1, 5, 10, 25, 50, 100, 500]
2055
[1, 5, 10, 25, 50, 100, 500, 1000]
2055
[1]
2056
[1, 5]
2056
[1, 5, 10]
2056
[1, 5, 10, 25]
2056
[1, 5, 10, 25, 50]
2056
[1, 5, 10, 25, 50, 100]
2056
[1, 5, 10, 25, 50, 100, 500]
2056
[1, 5, 10, 25, 50, 100, 500, 1000]
2056
[1]
2057
[1, 5]
2057
[1, 5, 10]
2057
[1, 5, 10, 25]
2057
[1, 5, 10, 25, 50]
2057
[1, 5, 10, 25, 50, 100]
2057
[1, 5, 10, 25, 50, 100, 500]
2057
[1, 5, 10, 25, 50, 100, 500, 1000]
2057
[1]
2058
[1, 5]
2058
[1, 5, 10]
2058
[1, 5, 10, 25]
2058
[1, 5, 10, 25, 50]
2058
[1, 5, 10, 25, 50, 100]
2058
[1, 5, 10, 25, 50, 100, 500]
2058
[1, 5, 10, 25, 50, 100, 500, 1000]
2058
[1]
2059
[1, 5]
2059
[1, 5, 10]
2059
[1, 5, 10, 25]
2059
[1, 5, 10, 25, 50]
2059
[1, 5, 10, 25, 50, 100]
2059
[1, 5, 10, 25, 50, 100, 500]
2059
[1, 5, 10, 25, 50, 100, 500, 1000]
2059
[1]
2060
[1, 5]
2060
[1, 5, 10]
2060
[1, 5, 10, 25]
2060
[1, 5, 10, 25, 50]
2060
[1, 5, 10, 25, 50, 100]
2060
[1, 5, 10, 25, 50, 100, 500]
2060
[1, 5, 10, 25, 50, 100, 500, 1000]
2060
[1]
2061
[1, 5]
2061
[1, 5, 10]
2061
[1, 5, 10, 25]
2061
[1, 5, 10, 25, 50]
2061
[1, 5, 10, 25, 50, 100]
2061
[1, 5, 10, 25, 50, 100, 500]
2061
[1, 5, 10, 25, 50, 100, 500, 1000]
2061
[1]
2062
[1, 5]
2062
[1, 5, 10]
2062
[1, 5, 10, 25]
2062
[1, 5, 10, 25, 50]
2062
[1, 5, 10, 25, 50, 100]
2062
[1, 5, 10, 25, 50, 100, 500]
2062
[1, 5, 10, 25, 50, 100, 500, 1000]
2062
[1]
2063
[1, 5]
2063
[1, 5, 10]
2063
[1, 5, 10, 25]
2063
[1, 5, 10, 25, 50]
2063
[1, 5, 10, 25, 50, 100]
2063
[1, 5, 10, 25, 50, 100, 500]
2063
[1, 5, 10, 25, 50, 100, 500, 1000]
2063
[1]
2064
[1, 5]
2064
[1, 5, 10]
2064
[1, 5, 10, 25]
2064
[1, 5, 10, 25, 50]
2064
[1, 5, 10, 25, 50, 100]
2064
[1, 5, 10, 25, 50, 100, 500]
2064
[1, 5, 10, 25, 50, 100, 500, 1000]
2064
[1]
2065
[1, 5]
2065
[1, 5, 10]
2065
[1, 5, 10, 25]
2065
[1, 5, 10, 25, 50]
2065
[1, 5, 10, 25, 50, 100]
2065
[1, 5, 10, 25, 50, 100, 500]
2065
[1, 5, 10, 25, 50, 100, 500, 1000]
2065
[1]
2066
[1, 5]
2066
[1, 5, 10]
2066
[1, 5, 10, 25]
2066
[1, 5, 10, 25, 50]
2066
[1, 5, 10, 25, 50, 100]
2066
[1, 5, 10, 25, 50, 100, 500]
2066
[1, 5, 10, 25, 50, 100, 500, 1000]
2066
[1]
2067
[1, 5]
2067
[1, 5, 10]
2067
[1, 5, 10, 25]
2067
[1, 5, 10, 25, 50]
2067
[1, 5, 10, 25, 50, 100]
2067
[1, 5, 10, 25, 50, 100, 500]
2067
[1, 5, 10, 25, 50, 100, 500, 1000]
2067
[1]
2068
[1, 5]
2068
[1, 5, 10]
2068
[1, 5, 10, 25]
2068
[1, 5, 10, 25, 50]
2068
[1, 5, 10, 25, 50, 100]
2068
[1, 5, 10, 25, 50, 100, 500]
2068
[1, 5, 10, 25, 50, 100, 500, 1000]
2068
[1]
2069
[1, 5]
2069
[1, 5, 10]
2069
[1, 5, 10, 25]
2069
[1, 5, 10, 25, 50]
2069
[1, 5, 10, 25, 50, 100]
2069
[1, 5, 10, 25, 50, 100, 500]
2069
[1, 5, 10, 25, 50, 100, 500, 1000]
2069
[1]
2070
[1, 5]
2070
[1, 5, 10]
2070
[1, 5, 10, 25]
2070
[1, 5, 10, 25, 50]
2070
[1, 5, 10, 25, 50, 100]
2070
[1, 5, 10, 25, 50, 100, 500]
2070
[1, 5, 10, 25, 50, 100, 500, 1000]
2070
[1]
2071
[1, 5]
2071
[1, 5, 10]
2071
[1, 5, 10, 25]
2071
[1, 5, 10, 25, 50]
2071
[1, 5, 10, 25, 50, 100]
2071
[1, 5, 10, 25, 50, 100, 500]
2071
[1, 5, 10, 25, 50, 100, 500, 1000]
2071
[1]
2072
[1, 5]
2072
[1, 5, 10]
2072
[1, 5, 10, 25]
2072
[1, 5, 10, 25, 50]
2072
[1, 5, 10, 25, 50, 100]
2072
[1, 5, 10, 25, 50, 100, 500]
2072
[1, 5, 10, 25, 50, 100, 500, 1000]
2072
[1]
2073
[1, 5]
2073
[1, 5, 10]
2073
[1, 5, 10, 25]
2073
[1, 5, 10, 25, 50]
2073
[1, 5, 10, 25, 50, 100]
2073
[1, 5, 10, 25, 50, 100, 500]
2073
[1, 5, 10, 25, 50, 100, 500, 1000]
2073
[1]
2074
[1, 5]
2074
[1, 5, 10]
2074
[1, 5, 10, 25]
2074
[1, 5, 10, 25, 50]
2074
[1, 5, 10, 25, 50, 100]
2074
[1, 5, 10, 25, 50, 100, 500]
2074
[1, 5, 10, 25, 50, 100, 500, 1000]
2074
[1]
2075
[1, 5]
2075
[1, 5, 10]
2075
[1, 5, 10, 25]
2075
[1, 5, 10, 25, 50]
2075
[1, 5, 10, 25, 50, 100]
2075
[1, 5, 10, 25, 50, 100, 500]
2075
[1, 5, 10, 25, 50, 100, 500, 1000]
2075
[1]
2076
[1, 5]
2076
[1, 5, 10]
2076
[1, 5, 10, 25]
2076
[1, 5, 10, 25, 50]
2076
[1, 5, 10, 25, 50, 100]
2076
[1, 5, 10, 25, 50, 100, 500]
2076
[1, 5, 10, 25, 50, 100, 500, 1000]
2076
[1]
2077
[1, 5]
2077
[1, 5, 10]
2077
[1, 5, 10, 25]
2077
[1, 5, 10, 25, 50]
2077
[1, 5, 10, 25, 50, 100]
2077
[1, 5, 10, 25, 50, 100, 500]
2077
[1, 5, 10, 25, 50, 100, 500, 1000]
2077
[1]
2078
[1, 5]
2078
[1, 5, 10]
2078
[1, 5, 10, 25]
2078
[1, 5, 10, 25, 50]
2078
[1, 5, 10, 25, 50, 100]
2078
[1, 5, 10, 25, 50, 100, 500]
2078
[1, 5, 10, 25, 50, 100, 500, 1000]
2078
[1]
2079
[1, 5]
2079
[1, 5, 10]
2079
[1, 5, 10, 25]
2079
[1, 5, 10, 25, 50]
2079
[1, 5, 10, 25, 50, 100]
2079
[1, 5, 10, 25, 50, 100, 500]
2079
[1, 5, 10, 25, 50, 100, 500, 1000]
2079
[1]
2080
[1, 5]
2080
[1, 5, 10]
2080
[1, 5, 10, 25]
2080
[1, 5, 10, 25, 50]
2080
[1, 5, 10, 25, 50, 100]
2080
[1, 5, 10, 25, 50, 100, 500]
2080
[1, 5, 10, 25, 50, 100, 500, 1000]
2080
[1]
2081
[1, 5]
2081
[1, 5, 10]
2081
[1, 5, 10, 25]
2081
[1, 5, 10, 25, 50]
2081
[1, 5, 10, 25, 50, 100]
2081
[1, 5, 10, 25, 50, 100, 500]
2081
[1, 5, 10, 25, 50, 100, 500, 1000]
2081
[1]
2082
[1, 5]
2082
[1, 5, 10]
2082
[1, 5, 10, 25]
2082
[1, 5, 10, 25, 50]
2082
[1, 5, 10, 25, 50, 100]
2082
[1, 5, 10, 25, 50, 100, 500]
2082
[1, 5, 10, 25, 50, 100, 500, 1000]
2082
[1]
2083
[1, 5]
2083
[1, 5, 10]
2083
[1, 5, 10, 25]
2083
[1, 5, 10, 25, 50]
2083
[1, 5, 10, 25, 50, 100]
2083
[1, 5, 10, 25, 50, 100, 500]
2083
[1, 5, 10, 25, 50, 100, 500, 1000]
2083
[1]
2084
[1, 5]
2084
[1, 5, 10]
2084
[1, 5, 10, 25]
2084
[1, 5, 10, 25, 50]
2084
[1, 5, 10, 25, 50, 100]
2084
[1, 5, 10, 25, 50, 100, 500]
2084
[1, 5, 10, 25, 50, 100, 500, 1000]
2084
[1]
2085
[1, 5]
2085
[1, 5, 10]
2085
[1, 5, 10, 25]
2085
[1, 5, 10, 25, 50]
2085
[1, 5, 10, 25, 50, 100]
2085
[1, 5, 10, 25, 50, 100, 500]
2085
[1, 5, 10, 25, 50, 100, 500, 1000]
2085
[1]
2086
[1, 5]
2086
[1, 5, 10]
2086
[1, 5, 10, 25]
2086
[1, 5, 10, 25, 50]
2086
[1, 5, 10, 25, 50, 100]
2086
[1, 5, 10, 25, 50, 100, 500]
2086
[1, 5, 10, 25, 50, 100, 500, 1000]
2086
[1]
2087
[1, 5]
2087
[1, 5, 10]
2087
[1, 5, 10, 25]
2087
[1, 5, 10, 25, 50]
2087
[1, 5, 10, 25, 50, 100]
2087
[1, 5, 10, 25, 50, 100, 500]
2087
[1, 5, 10, 25, 50, 100, 500, 1000]
2087
[1]
2088
[1, 5]
2088
[1, 5, 10]
2088
[1, 5, 10, 25]
2088
[1, 5, 10, 25, 50]
2088
[1, 5, 10, 25, 50, 100]
2088
[1, 5, 10, 25, 50, 100, 500]
2088
[1, 5, 10, 25, 50, 100, 500, 1000]
2088
[1]
2089
[1, 5]
2089
[1, 5, 10]
2089
[1, 5, 10, 25]
2089
[1, 5, 10, 25, 50]
2089
[1, 5, 10, 25, 50, 100]
2089
[1, 5, 10, 25, 50, 100, 500]
2089
[1, 5, 10, 25, 50, 100, 500, 1000]
2089
[1]
2090
[1, 5]
2090
[1, 5, 10]
2090
[1, 5, 10, 25]
2090
[1, 5, 10, 25, 50]
2090
[1, 5, 10, 25, 50, 100]
2090
[1, 5, 10, 25, 50, 100, 500]
2090
[1, 5, 10, 25, 50, 100, 500, 1000]
2090
[1]
2091
[1, 5]
2091
[1, 5, 10]
2091
[1, 5, 10, 25]
2091
[1, 5, 10, 25, 50]
2091
[1, 5, 10, 25, 50, 100]
2091
[1, 5, 10, 25, 50, 100, 500]
2091
[1, 5, 10, 25, 50, 100, 500, 1000]
2091
[1]
2092
[1, 5]
2092
[1, 5, 10]
2092
[1, 5, 10, 25]
2092
[1, 5, 10, 25, 50]
2092
[1, 5, 10, 25, 50, 100]
2092
[1, 5, 10, 25, 50, 100, 500]
2092
[1, 5, 10, 25, 50, 100, 500, 1000]
2092
[1]
2093
[1, 5]
2093
[1, 5, 10]
2093
[1, 5, 10, 25]
2093
[1, 5, 10, 25, 50]
2093
[1, 5, 10, 25, 50, 100]
2093
[1, 5, 10, 25, 50, 100, 500]
2093
[1, 5, 10, 25, 50, 100, 500, 1000]
2093
[1]
2094
[1, 5]
2094
[1, 5, 10]
2094
[1, 5, 10, 25]
2094
[1, 5, 10, 25, 50]
2094
[1, 5, 10, 25, 50, 100]
2094
[1, 5, 10, 25, 50, 100, 500]
2094
[1, 5, 10, 25, 50, 100, 500, 1000]
2094
[1]
2095
[1, 5]
2095
[1, 5, 10]
2095
[1, 5, 10, 25]
2095
[1, 5, 10, 25, 50]
2095
[1, 5, 10, 25, 50, 100]
2095
[1, 5, 10, 25, 50, 100, 500]
2095
[1, 5, 10, 25, 50, 100, 500, 1000]
2095
[1]
2096
[1, 5]
2096
[1, 5, 10]
2096
[1, 5, 10, 25]
2096
[1, 5, 10, 25, 50]
2096
[1, 5, 10, 25, 50, 100]
2096
[1, 5, 10, 25, 50, 100, 500]
2096
[1, 5, 10, 25, 50, 100, 500, 1000]
2096
[1]
2097
[1, 5]
2097
[1, 5, 10]
2097
[1, 5, 10, 25]
2097
[1, 5, 10, 25, 50]
2097
[1, 5, 10, 25, 50, 100]
2097
[1, 5, 10, 25, 50, 100, 500]
2097
[1, 5, 10, 25, 50, 100, 500, 1000]
2097
[1]
2098
[1, 5]
2098
[1, 5, 10]
2098
[1, 5, 10, 25]
2098
[1, 5, 10, 25, 50]
2098
[1, 5, 10, 25, 50, 100]
2098
[1, 5, 10, 25, 50, 100, 500]
2098
[1, 5, 10, 25, 50, 100, 500, 1000]
2098
[1]
2099
[1, 5]
2099
[1, 5, 10]
2099
[1, 5, 10, 25]
2099
[1, 5, 10, 25, 50]
2099
[1, 5, 10, 25, 50, 100]
2099
[1, 5, 10, 25, 50, 100, 500]
2099
[1, 5, 10, 25, 50, 100, 500, 1000]
2099
[1]
2100
[1, 5]
2100
[1, 5, 10]
2100
[1, 5, 10, 25]
2100
[1, 5, 10, 25, 50]
2100
[1, 5, 10, 25, 50, 100]
2100
[1, 5, 10, 25, 50, 100, 500]
2100
[1, 5, 10, 25, 50, 100, 500, 1000]
2100
[1]
2101
[1, 5]
2101
[1, 5, 10]
2101
[1, 5, 10, 25]
2101
[1, 5, 10, 25, 50]
2101
[1, 5, 10, 25, 50, 100]
2101
[1, 5, 10, 25, 50, 100, 500]
2101
[1, 5, 10, 25, 50, 100, 500, 1000]
2101
[1]
2102
[1, 5]
2102
[1, 5, 10]
2102
[1, 5, 10, 25]
2102
[1, 5, 10, 25, 50]
2102
[1, 5, 10, 25, 50, 100]
2102
[1, 5, 10, 25, 50, 100, 500]
2102
[1, 5, 10, 25, 50, 100, 500, 1000]
2102
[1]
2103
[1, 5]
2103
[1, 5, 10]
2103
[1, 5, 10, 25]
2103
[1, 5, 10, 25, 50]
2103
[1, 5, 10, 25, 50, 100]
2103
[1, 5, 10, 25, 50, 100, 500]
2103
[1, 5, 10, 25, 50, 100, 500, 1000]
2103
[1]
2104
[1, 5]
2104
[1, 5, 10]
2104
[1, 5, 10, 25]
2104
[1, 5, 10, 25, 50]
2104
[1, 5, 10, 25, 50, 100]
2104
[1, 5, 10, 25, 50, 100, 500]
2104
[1, 5, 10, 25, 50, 100, 500, 1000]
2104
[1]
2105
[1, 5]
2105
[1, 5, 10]
2105
[1, 5, 10, 25]
2105
[1, 5, 10, 25, 50]
2105
[1, 5, 10, 25, 50, 100]
2105
[1, 5, 10, 25, 50, 100, 500]
2105
[1, 5, 10, 25, 50, 100, 500, 1000]
2105
[1]
2106
[1, 5]
2106
[1, 5, 10]
2106
[1, 5, 10, 25]
2106
[1, 5, 10, 25, 50]
2106
[1, 5, 10, 25, 50, 100]
2106
[1, 5, 10, 25, 50, 100, 500]
2106
[1, 5, 10, 25, 50, 100, 500, 1000]
2106
[1]
2107
[1, 5]
2107
[1, 5, 10]
2107
[1, 5, 10, 25]
2107
[1, 5, 10, 25, 50]
2107
[1, 5, 10, 25, 50, 100]
2107
[1, 5, 10, 25, 50, 100, 500]
2107
[1, 5, 10, 25, 50, 100, 500, 1000]
2107
[1]
2108
[1, 5]
2108
[1, 5, 10]
2108
[1, 5, 10, 25]
2108
[1, 5, 10, 25, 50]
2108
[1, 5, 10, 25, 50, 100]
2108
[1, 5, 10, 25, 50, 100, 500]
2108
[1, 5, 10, 25, 50, 100, 500, 1000]
2108
[1]
2109
[1, 5]
2109
[1, 5, 10]
2109
[1, 5, 10, 25]
2109
[1, 5, 10, 25, 50]
2109
[1, 5, 10, 25, 50, 100]
2109
[1, 5, 10, 25, 50, 100, 500]
2109
[1, 5, 10, 25, 50, 100, 500, 1000]
2109
[1]
2110
[1, 5]
2110
[1, 5, 10]
2110
[1, 5, 10, 25]
2110
[1, 5, 10, 25, 50]
2110
[1, 5, 10, 25, 50, 100]
2110
[1, 5, 10, 25, 50, 100, 500]
2110
[1, 5, 10, 25, 50, 100, 500, 1000]
2110
[1]
2111
[1, 5]
2111
[1, 5, 10]
2111
[1, 5, 10, 25]
2111
[1, 5, 10, 25, 50]
2111
[1, 5, 10, 25, 50, 100]
2111
[1, 5, 10, 25, 50, 100, 500]
2111
[1, 5, 10, 25, 50, 100, 500, 1000]
2111
[1]
2112
[1, 5]
2112
[1, 5, 10]
2112
[1, 5, 10, 25]
2112
[1, 5, 10, 25, 50]
2112
[1, 5, 10, 25, 50, 100]
2112
[1, 5, 10, 25, 50, 100, 500]
2112
[1, 5, 10, 25, 50, 100, 500, 1000]
2112
[1]
2113
[1, 5]
2113
[1, 5, 10]
2113
[1, 5, 10, 25]
2113
[1, 5, 10, 25, 50]
2113
[1, 5, 10, 25, 50, 100]
2113
[1, 5, 10, 25, 50, 100, 500]
2113
[1, 5, 10, 25, 50, 100, 500, 1000]
2113
[1]
2114
[1, 5]
2114
[1, 5, 10]
2114
[1, 5, 10, 25]
2114
[1, 5, 10, 25, 50]
2114
[1, 5, 10, 25, 50, 100]
2114
[1, 5, 10, 25, 50, 100, 500]
2114
[1, 5, 10, 25, 50, 100, 500, 1000]
2114
[1]
2115
[1, 5]
2115
[1, 5, 10]
2115
[1, 5, 10, 25]
2115
[1, 5, 10, 25, 50]
2115
[1, 5, 10, 25, 50, 100]
2115
[1, 5, 10, 25, 50, 100, 500]
2115
[1, 5, 10, 25, 50, 100, 500, 1000]
2115
[1]
2116
[1, 5]
2116
[1, 5, 10]
2116
[1, 5, 10, 25]
2116
[1, 5, 10, 25, 50]
2116
[1, 5, 10, 25, 50, 100]
2116
[1, 5, 10, 25, 50, 100, 500]
2116
[1, 5, 10, 25, 50, 100, 500, 1000]
2116
[1]
2117
[1, 5]
2117
[1, 5, 10]
2117
[1, 5, 10, 25]
2117
[1, 5, 10, 25, 50]
2117
[1, 5, 10, 25, 50, 100]
2117
[1, 5, 10, 25, 50, 100, 500]
2117
[1, 5, 10, 25, 50, 100, 500, 1000]
2117
[1]
2118
[1, 5]
2118
[1, 5, 10]
2118
[1, 5, 10, 25]
2118
[1, 5, 10, 25, 50]
2118
[1, 5, 10, 25, 50, 100]
2118
[1, 5, 10, 25, 50, 100, 500]
2118
[1, 5, 10, 25, 50, 100, 500, 1000]
2118
[1]
2119
[1, 5]
2119
[1, 5, 10]
2119
[1, 5, 10, 25]
2119
[1, 5, 10, 25, 50]
2119
[1, 5, 10, 25, 50, 100]
2119
[1, 5, 10, 25, 50, 100, 500]
2119
[1, 5, 10, 25, 50, 100, 500, 1000]
2119
[1]
2120
[1, 5]
2120
[1, 5, 10]
2120
[1, 5, 10, 25]
2120
[1, 5, 10, 25, 50]
2120
[1, 5, 10, 25, 50, 100]
2120
[1, 5, 10, 25, 50, 100, 500]
2120
[1, 5, 10, 25, 50, 100, 500, 1000]
2120
[1]
2121
[1, 5]
2121
[1, 5, 10]
2121
[1, 5, 10, 25]
2121
[1, 5, 10, 25, 50]
2121
[1, 5, 10, 25, 50, 100]
2121
[1, 5, 10, 25, 50, 100, 500]
2121
[1, 5, 10, 25, 50, 100, 500, 1000]
2121
[1]
2122
[1, 5]
2122
[1, 5, 10]
2122
[1, 5, 10, 25]
2122
[1, 5, 10, 25, 50]
2122
[1, 5, 10, 25, 50, 100]
2122
[1, 5, 10, 25, 50, 100, 500]
2122
[1, 5, 10, 25, 50, 100, 500, 1000]
2122
[1]
2123
[1, 5]
2123
[1, 5, 10]
2123
[1, 5, 10, 25]
2123
[1, 5, 10, 25, 50]
2123
[1, 5, 10, 25, 50, 100]
2123
[1, 5, 10, 25, 50, 100, 500]
2123
[1, 5, 10, 25, 50, 100, 500, 1000]
2123
[1]
2124
[1, 5]
2124
[1, 5, 10]
2124
[1, 5, 10, 25]
2124
[1, 5, 10, 25, 50]
2124
[1, 5, 10, 25, 50, 100]
2124
[1, 5, 10, 25, 50, 100, 500]
2124
[1, 5, 10, 25, 50, 100, 500, 1000]
2124
[1]
2125
[1, 5]
2125
[1, 5, 10]
2125
[1, 5, 10, 25]
2125
[1, 5, 10, 25, 50]
2125
[1, 5, 10, 25, 50, 100]
2125
[1, 5, 10, 25, 50, 100, 500]
2125
[1, 5, 10, 25, 50, 100, 500, 1000]
2125
[1]
2126
[1, 5]
2126
[1, 5, 10]
2126
[1, 5, 10, 25]
2126
[1, 5, 10, 25, 50]
2126
[1, 5, 10, 25, 50, 100]
2126
[1, 5, 10, 25, 50, 100, 500]
2126
[1, 5, 10, 25, 50, 100, 500, 1000]
2126
[1]
2127
[1, 5]
2127
[1, 5, 10]
2127
[1, 5, 10, 25]
2127
[1, 5, 10, 25, 50]
2127
[1, 5, 10, 25, 50, 100]
2127
[1, 5, 10, 25, 50, 100, 500]
2127
[1, 5, 10, 25, 50, 100, 500, 1000]
2127
[1]
2128
[1, 5]
2128
[1, 5, 10]
2128
[1, 5, 10, 25]
2128
[1, 5, 10, 25, 50]
2128
[1, 5, 10, 25, 50, 100]
2128
[1, 5, 10, 25, 50, 100, 500]
2128
[1, 5, 10, 25, 50, 100, 500, 1000]
2128
[1]
2129
[1, 5]
2129
[1, 5, 10]
2129
[1, 5, 10, 25]
2129
[1, 5, 10, 25, 50]
2129
[1, 5, 10, 25, 50, 100]
2129
[1, 5, 10, 25, 50, 100, 500]
2129
[1, 5, 10, 25, 50, 100, 500, 1000]
2129
[1]
2130
[1, 5]
2130
[1, 5, 10]
2130
[1, 5, 10, 25]
2130
[1, 5, 10, 25, 50]
2130
[1, 5, 10, 25, 50, 100]
2130
[1, 5, 10, 25, 50, 100, 500]
2130
[1, 5, 10, 25, 50, 100, 500, 1000]
2130
[1]
2131
[1, 5]
2131
[1, 5, 10]
2131
[1, 5, 10, 25]
2131
[1, 5, 10, 25, 50]
2131
[1, 5, 10, 25, 50, 100]
2131
[1, 5, 10, 25, 50, 100, 500]
2131
[1, 5, 10, 25, 50, 100, 500, 1000]
2131
[1]
2132
[1, 5]
2132
[1, 5, 10]
2132
[1, 5, 10, 25]
2132
[1, 5, 10, 25, 50]
2132
[1, 5, 10, 25, 50, 100]
2132
[1, 5, 10, 25, 50, 100, 500]
2132
[1, 5, 10, 25, 50, 100, 500, 1000]
2132
[1]
2133
[1, 5]
2133
[1, 5, 10]
2133
[1, 5, 10, 25]
2133
[1, 5, 10, 25, 50]
2133
[1, 5, 10, 25, 50, 100]
2133
[1, 5, 10, 25, 50, 100, 500]
2133
[1, 5, 10, 25, 50, 100, 500, 1000]
2133
[1]
2134
[1, 5]
2134
[1, 5, 10]
2134
[1, 5, 10, 25]
2134
[1, 5, 10, 25, 50]
2134
[1, 5, 10, 25, 50, 100]
2134
[1, 5, 10, 25, 50, 100, 500]
2134
[1, 5, 10, 25, 50, 100, 500, 1000]
2134
[1]
2135
[1, 5]
2135
[1, 5, 10]
2135
[1, 5, 10, 25]
2135
[1, 5, 10, 25, 50]
2135
[1, 5, 10, 25, 50, 100]
2135
[1, 5, 10, 25, 50, 100, 500]
2135
[1, 5, 10, 25, 50, 100, 500, 1000]
2135
[1]
2136
[1, 5]
2136
[1, 5, 10]
2136
[1, 5, 10, 25]
2136
[1, 5, 10, 25, 50]
2136
[1, 5, 10, 25, 50, 100]
2136
[1, 5, 10, 25, 50, 100, 500]
2136
[1, 5, 10, 25, 50, 100, 500, 1000]
2136
[1]
2137
[1, 5]
2137
[1, 5, 10]
2137
[1, 5, 10, 25]
2137
[1, 5, 10, 25, 50]
2137
[1, 5, 10, 25, 50, 100]
2137
[1, 5, 10, 25, 50, 100, 500]
2137
[1, 5, 10, 25, 50, 100, 500, 1000]
2137
[1]
2138
[1, 5]
2138
[1, 5, 10]
2138
[1, 5, 10, 25]
2138
[1, 5, 10, 25, 50]
2138
[1, 5, 10, 25, 50, 100]
2138
[1, 5, 10, 25, 50, 100, 500]
2138
[1, 5, 10, 25, 50, 100, 500, 1000]
2138
[1]
2139
[1, 5]
2139
[1, 5, 10]
2139
[1, 5, 10, 25]
2139
[1, 5, 10, 25, 50]
2139
[1, 5, 10, 25, 50, 100]
2139
[1, 5, 10, 25, 50, 100, 500]
2139
[1, 5, 10, 25, 50, 100, 500, 1000]
2139
[1]
2140
[1, 5]
2140
[1, 5, 10]
2140
[1, 5, 10, 25]
2140
[1, 5, 10, 25, 50]
2140
[1, 5, 10, 25, 50, 100]
2140
[1, 5, 10, 25, 50, 100, 500]
2140
[1, 5, 10, 25, 50, 100, 500, 1000]
2140
[1]
2141
[1, 5]
2141
[1, 5, 10]
2141
[1, 5, 10, 25]
2141
[1, 5, 10, 25, 50]
2141
[1, 5, 10, 25, 50, 100]
2141
[1, 5, 10, 25, 50, 100, 500]
2141
[1, 5, 10, 25, 50, 100, 500, 1000]
2141
[1]
2142
[1, 5]
2142
[1, 5, 10]
2142
[1, 5, 10, 25]
2142
[1, 5, 10, 25, 50]
2142
[1, 5, 10, 25, 50, 100]
2142
[1, 5, 10, 25, 50, 100, 500]
2142
[1, 5, 10, 25, 50, 100, 500, 1000]
2142
[1]
2143
[1, 5]
2143
[1, 5, 10]
2143
[1, 5, 10, 25]
2143
[1, 5, 10, 25, 50]
2143
[1, 5, 10, 25, 50, 100]
2143
[1, 5, 10, 25, 50, 100, 500]
2143
[1, 5, 10, 25, 50, 100, 500, 1000]
2143
[1]
2144
[1, 5]
2144
[1, 5, 10]
2144
[1, 5, 10, 25]
2144
[1, 5, 10, 25, 50]
2144
[1, 5, 10, 25, 50, 100]
2144
[1, 5, 10, 25, 50, 100, 500]
2144
[1, 5, 10, 25, 50, 100, 500, 1000]
2144
[1]
2145
[1, 5]
2145
[1, 5, 10]
2145
[1, 5, 10, 25]
2145
[1, 5, 10, 25, 50]
2145
[1, 5, 10, 25, 50, 100]
2145
[1, 5, 10, 25, 50, 100, 500]
2145
[1, 5, 10, 25, 50, 100, 500, 1000]
2145
[1]
2146
[1, 5]
2146
[1, 5, 10]
2146
[1, 5, 10, 25]
2146
[1, 5, 10, 25, 50]
2146
[1, 5, 10, 25, 50, 100]
2146
[1, 5, 10, 25, 50, 100, 500]
2146
[1, 5, 10, 25, 50, 100, 500, 1000]
2146
[1]
2147
[1, 5]
2147
[1, 5, 10]
2147
[1, 5, 10, 25]
2147
[1, 5, 10, 25, 50]
2147
[1, 5, 10, 25, 50, 100]
2147
[1, 5, 10, 25, 50, 100, 500]
2147
[1, 5, 10, 25, 50, 100, 500, 1000]
2147
[1]
2148
[1, 5]
2148
[1, 5, 10]
2148
[1, 5, 10, 25]
2148
[1, 5, 10, 25, 50]
2148
[1, 5, 10, 25, 50, 100]
2148
[1, 5, 10, 25, 50, 100, 500]
2148
[1, 5, 10, 25, 50, 100, 500, 1000]
2148
[1]
2149
[1, 5]
2149
[1, 5, 10]
2149
[1, 5, 10, 25]
2149
[1, 5, 10, 25, 50]
2149
[1, 5, 10, 25, 50, 100]
2149
[1, 5, 10, 25, 50, 100, 500]
2149
[1, 5, 10, 25, 50, 100, 500, 1000]
2149
[1]
2150
[1, 5]
2150
[1, 5, 10]
2150
[1, 5, 10, 25]
2150
[1, 5, 10, 25, 50]
2150
[1, 5, 10, 25, 50, 100]
2150
[1, 5, 10, 25, 50, 100, 500]
2150
[1, 5, 10, 25, 50, 100, 500, 1000]
2150
[1]
2151
[1, 5]
2151
[1, 5, 10]
2151
[1, 5, 10, 25]
2151
[1, 5, 10, 25, 50]
2151
[1, 5, 10, 25, 50, 100]
2151
[1, 5, 10, 25, 50, 100, 500]
2151
[1, 5, 10, 25, 50, 100, 500, 1000]
2151
[1]
2152
[1, 5]
2152
[1, 5, 10]
2152
[1, 5, 10, 25]
2152
[1, 5, 10, 25, 50]
2152
[1, 5, 10, 25, 50, 100]
2152
[1, 5, 10, 25, 50, 100, 500]
2152
[1, 5, 10, 25, 50, 100, 500, 1000]
2152
[1]
2153
[1, 5]
2153
[1, 5, 10]
2153
[1, 5, 10, 25]
2153
[1, 5, 10, 25, 50]
2153
[1, 5, 10, 25, 50, 100]
2153
[1, 5, 10, 25, 50, 100, 500]
2153
[1, 5, 10, 25, 50, 100, 500, 1000]
2153
[1]
2154
[1, 5]
2154
[1, 5, 10]
2154
[1, 5, 10, 25]
2154
[1, 5, 10, 25, 50]
2154
[1, 5, 10, 25, 50, 100]
2154
[1, 5, 10, 25, 50, 100, 500]
2154
[1, 5, 10, 25, 50, 100, 500, 1000]
2154
[1]
2155
[1, 5]
2155
[1, 5, 10]
2155
[1, 5, 10, 25]
2155
[1, 5, 10, 25, 50]
2155
[1, 5, 10, 25, 50, 100]
2155
[1, 5, 10, 25, 50, 100, 500]
2155
[1, 5, 10, 25, 50, 100, 500, 1000]
2155
[1]
2156
[1, 5]
2156
[1, 5, 10]
2156
[1, 5, 10, 25]
2156
[1, 5, 10, 25, 50]
2156
[1, 5, 10, 25, 50, 100]
2156
[1, 5, 10, 25, 50, 100, 500]
2156
[1, 5, 10, 25, 50, 100, 500, 1000]
2156
[1]
2157
[1, 5]
2157
[1, 5, 10]
2157
[1, 5, 10, 25]
2157
[1, 5, 10, 25, 50]
2157
[1, 5, 10, 25, 50, 100]
2157
[1, 5, 10, 25, 50, 100, 500]
2157
[1, 5, 10, 25, 50, 100, 500, 1000]
2157
[1]
2158
[1, 5]
2158
[1, 5, 10]
2158
[1, 5, 10, 25]
2158
[1, 5, 10, 25, 50]
2158
[1, 5, 10, 25, 50, 100]
2158
[1, 5, 10, 25, 50, 100, 500]
2158
[1, 5, 10, 25, 50, 100, 500, 1000]
2158
[1]
2159
[1, 5]
2159
[1, 5, 10]
2159
[1, 5, 10, 25]
2159
[1, 5, 10, 25, 50]
2159
[1, 5, 10, 25, 50, 100]
2159
[1, 5, 10, 25, 50, 100, 500]
2159
[1, 5, 10, 25, 50, 100, 500, 1000]
2159
[1]
2160
[1, 5]
2160
[1, 5, 10]
2160
[1, 5, 10, 25]
2160
[1, 5, 10, 25, 50]
2160
[1, 5, 10, 25, 50, 100]
2160
[1, 5, 10, 25, 50, 100, 500]
2160
[1, 5, 10, 25, 50, 100, 500, 1000]
2160
[1]
2161
[1, 5]
2161
[1, 5, 10]
2161
[1, 5, 10, 25]
2161
[1, 5, 10, 25, 50]
2161
[1, 5, 10, 25, 50, 100]
2161
[1, 5, 10, 25, 50, 100, 500]
2161
[1, 5, 10, 25, 50, 100, 500, 1000]
2161
[1]
2162
[1, 5]
2162
[1, 5, 10]
2162
[1, 5, 10, 25]
2162
[1, 5, 10, 25, 50]
2162
[1, 5, 10, 25, 50, 100]
2162
[1, 5, 10, 25, 50, 100, 500]
2162
[1, 5, 10, 25, 50, 100, 500, 1000]
2162
[1]
2163
[1, 5]
2163
[1, 5, 10]
2163
[1, 5, 10, 25]
2163
[1, 5, 10, 25, 50]
2163
[1, 5, 10, 25, 50, 100]
2163
[1, 5, 10, 25, 50, 100, 500]
2163
[1, 5, 10, 25, 50, 100, 500, 1000]
2163
[1]
2164
[1, 5]
2164
[1, 5, 10]
2164
[1, 5, 10, 25]
2164
[1, 5, 10, 25, 50]
2164
[1, 5, 10, 25, 50, 100]
2164
[1, 5, 10, 25, 50, 100, 500]
2164
[1, 5, 10, 25, 50, 100, 500, 1000]
2164
[1]
2165
[1, 5]
2165
[1, 5, 10]
2165
[1, 5, 10, 25]
2165
[1, 5, 10, 25, 50]
2165
[1, 5, 10, 25, 50, 100]
2165
[1, 5, 10, 25, 50, 100, 500]
2165
[1, 5, 10, 25, 50, 100, 500, 1000]
2165
[1]
2166
[1, 5]
2166
[1, 5, 10]
2166
[1, 5, 10, 25]
2166
[1, 5, 10, 25, 50]
2166
[1, 5, 10, 25, 50, 100]
2166
[1, 5, 10, 25, 50, 100, 500]
2166
[1, 5, 10, 25, 50, 100, 500, 1000]
2166
[1]
2167
[1, 5]
2167
[1, 5, 10]
2167
[1, 5, 10, 25]
2167
[1, 5, 10, 25, 50]
2167
[1, 5, 10, 25, 50, 100]
2167
[1, 5, 10, 25, 50, 100, 500]
2167
[1, 5, 10, 25, 50, 100, 500, 1000]
2167
[1]
2168
[1, 5]
2168
[1, 5, 10]
2168
[1, 5, 10, 25]
2168
[1, 5, 10, 25, 50]
2168
[1, 5, 10, 25, 50, 100]
2168
[1, 5, 10, 25, 50, 100, 500]
2168
[1, 5, 10, 25, 50, 100, 500, 1000]
2168
[1]
2169
[1, 5]
2169
[1, 5, 10]
2169
[1, 5, 10, 25]
2169
[1, 5, 10, 25, 50]
2169
[1, 5, 10, 25, 50, 100]
2169
[1, 5, 10, 25, 50, 100, 500]
2169
[1, 5, 10, 25, 50, 100, 500, 1000]
2169
[1]
2170
[1, 5]
2170
[1, 5, 10]
2170
[1, 5, 10, 25]
2170
[1, 5, 10, 25, 50]
2170
[1, 5, 10, 25, 50, 100]
2170
[1, 5, 10, 25, 50, 100, 500]
2170
[1, 5, 10, 25, 50, 100, 500, 1000]
2170
[1]
2171
[1, 5]
2171
[1, 5, 10]
2171
[1, 5, 10, 25]
2171
[1, 5, 10, 25, 50]
2171
[1, 5, 10, 25, 50, 100]
2171
[1, 5, 10, 25, 50, 100, 500]
2171
[1, 5, 10, 25, 50, 100, 500, 1000]
2171
[1]
2172
[1, 5]
2172
[1, 5, 10]
2172
[1, 5, 10, 25]
2172
[1, 5, 10, 25, 50]
2172
[1, 5, 10, 25, 50, 100]
2172
[1, 5, 10, 25, 50, 100, 500]
2172
[1, 5, 10, 25, 50, 100, 500, 1000]
2172
[1]
2173
[1, 5]
2173
[1, 5, 10]
2173
[1, 5, 10, 25]
2173
[1, 5, 10, 25, 50]
2173
[1, 5, 10, 25, 50, 100]
2173
[1, 5, 10, 25, 50, 100, 500]
2173
[1, 5, 10, 25, 50, 100, 500, 1000]
2173
[1]
2174
[1, 5]
2174
[1, 5, 10]
2174
[1, 5, 10, 25]
2174
[1, 5, 10, 25, 50]
2174
[1, 5, 10, 25, 50, 100]
2174
[1, 5, 10, 25, 50, 100, 500]
2174
[1, 5, 10, 25, 50, 100, 500, 1000]
2174
[1]
2175
[1, 5]
2175
[1, 5, 10]
2175
[1, 5, 10, 25]
2175
[1, 5, 10, 25, 50]
2175
[1, 5, 10, 25, 50, 100]
2175
[1, 5, 10, 25, 50, 100, 500]
2175
[1, 5, 10, 25, 50, 100, 500, 1000]
2175
[1]
2176
[1, 5]
2176
[1, 5, 10]
2176
[1, 5, 10, 25]
2176
[1, 5, 10, 25, 50]
2176
[1, 5, 10, 25, 50, 100]
2176
[1, 5, 10, 25, 50, 100, 500]
2176
[1, 5, 10, 25, 50, 100, 500, 1000]
2176
[1]
2177
[1, 5]
2177
[1, 5, 10]
2177
[1, 5, 10, 25]
2177
[1, 5, 10, 25, 50]
2177
[1, 5, 10, 25, 50, 100]
2177
[1, 5, 10, 25, 50, 100, 500]
2177
[1, 5, 10, 25, 50, 100, 500, 1000]
2177
[1]
2178
[1, 5]
2178
[1, 5, 10]
2178
[1, 5, 10, 25]
2178
[1, 5, 10, 25, 50]
2178
[1, 5, 10, 25, 50, 100]
2178
[1, 5, 10, 25, 50, 100, 500]
2178
[1, 5, 10, 25, 50, 100, 500, 1000]
2178
[1]
2179
[1, 5]
2179
[1, 5, 10]
2179
[1, 5, 10, 25]
2179
[1, 5, 10, 25, 50]
2179
[1, 5, 10, 25, 50, 100]
2179
[1, 5, 10, 25, 50, 100, 500]
2179
[1, 5, 10, 25, 50, 100, 500, 1000]
2179
[1]
2180
[1, 5]
2180
[1, 5, 10]
2180
[1, 5, 10, 25]
2180
[1, 5, 10, 25, 50]
2180
[1, 5, 10, 25, 50, 100]
2180
[1, 5, 10, 25, 50, 100, 500]
2180
[1, 5, 10, 25, 50, 100, 500, 1000]
2180
[1]
2181
[1, 5]
2181
[1, 5, 10]
2181
[1, 5, 10, 25]
2181
[1, 5, 10, 25, 50]
2181
[1, 5, 10, 25, 50, 100]
2181
[1, 5, 10, 25, 50, 100, 500]
2181
[1, 5, 10, 25, 50, 100, 500, 1000]
2181
[1]
2182
[1, 5]
2182
[1, 5, 10]
2182
[1, 5, 10, 25]
2182
[1, 5, 10, 25, 50]
2182
[1, 5, 10, 25, 50, 100]
2182
[1, 5, 10, 25, 50, 100, 500]
2182
[1, 5, 10, 25, 50, 100, 500, 1000]
2182
[1]
2183
[1, 5]
2183
[1, 5, 10]
2183
[1, 5, 10, 25]
2183
[1, 5, 10, 25, 50]
2183
[1, 5, 10, 25, 50, 100]
2183
[1, 5, 10, 25, 50, 100, 500]
2183
[1, 5, 10, 25, 50, 100, 500, 1000]
2183
[1]
2184
[1, 5]
2184
[1, 5, 10]
2184
[1, 5, 10, 25]
2184
[1, 5, 10, 25, 50]
2184
[1, 5, 10, 25, 50, 100]
2184
[1, 5, 10, 25, 50, 100, 500]
2184
[1, 5, 10, 25, 50, 100, 500, 1000]
2184
[1]
2185
[1, 5]
2185
[1, 5, 10]
2185
[1, 5, 10, 25]
2185
[1, 5, 10, 25, 50]
2185
[1, 5, 10, 25, 50, 100]
2185
[1, 5, 10, 25, 50, 100, 500]
2185
[1, 5, 10, 25, 50, 100, 500, 1000]
2185
[1]
2186
[1, 5]
2186
[1, 5, 10]
2186
[1, 5, 10, 25]
2186
[1, 5, 10, 25, 50]
2186
[1, 5, 10, 25, 50, 100]
2186
[1, 5, 10, 25, 50, 100, 500]
2186
[1, 5, 10, 25, 50, 100, 500, 1000]
2186
[1]
2187
[1, 5]
2187
[1, 5, 10]
2187
[1, 5, 10, 25]
2187
[1, 5, 10, 25, 50]
2187
[1, 5, 10, 25, 50, 100]
2187
[1, 5, 10, 25, 50, 100, 500]
2187
[1, 5, 10, 25, 50, 100, 500, 1000]
2187
[1]
2188
[1, 5]
2188
[1, 5, 10]
2188
[1, 5, 10, 25]
2188
[1, 5, 10, 25, 50]
2188
[1, 5, 10, 25, 50, 100]
2188
[1, 5, 10, 25, 50, 100, 500]
2188
[1, 5, 10, 25, 50, 100, 500, 1000]
2188
[1]
2189
[1, 5]
2189
[1, 5, 10]
2189
[1, 5, 10, 25]
2189
[1, 5, 10, 25, 50]
2189
[1, 5, 10, 25, 50, 100]
2189
[1, 5, 10, 25, 50, 100, 500]
2189
[1, 5, 10, 25, 50, 100, 500, 1000]
2189
[1]
2190
[1, 5]
2190
[1, 5, 10]
2190
[1, 5, 10, 25]
2190
[1, 5, 10, 25, 50]
2190
[1, 5, 10, 25, 50, 100]
2190
[1, 5, 10, 25, 50, 100, 500]
2190
[1, 5, 10, 25, 50, 100, 500, 1000]
2190
[1]
2191
[1, 5]
2191
[1, 5, 10]
2191
[1, 5, 10, 25]
2191
[1, 5, 10, 25, 50]
2191
[1, 5, 10, 25, 50, 100]
2191
[1, 5, 10, 25, 50, 100, 500]
2191
[1, 5, 10, 25, 50, 100, 500, 1000]
2191
[1]
2192
[1, 5]
2192
[1, 5, 10]
2192
[1, 5, 10, 25]
2192
[1, 5, 10, 25, 50]
2192
[1, 5, 10, 25, 50, 100]
2192
[1, 5, 10, 25, 50, 100, 500]
2192
[1, 5, 10, 25, 50, 100, 500, 1000]
2192
[1]
2193
[1, 5]
2193
[1, 5, 10]
2193
[1, 5, 10, 25]
2193
[1, 5, 10, 25, 50]
2193
[1, 5, 10, 25, 50, 100]
2193
[1, 5, 10, 25, 50, 100, 500]
2193
[1, 5, 10, 25, 50, 100, 500, 1000]
2193
[1]
2194
[1, 5]
2194
[1, 5, 10]
2194
[1, 5, 10, 25]
2194
[1, 5, 10, 25, 50]
2194
[1, 5, 10, 25, 50, 100]
2194
[1, 5, 10, 25, 50, 100, 500]
2194
[1, 5, 10, 25, 50, 100, 500, 1000]
2194
[1]
2195
[1, 5]
2195
[1, 5, 10]
2195
[1, 5, 10, 25]
2195
[1, 5, 10, 25, 50]
2195
[1, 5, 10, 25, 50, 100]
2195
[1, 5, 10, 25, 50, 100, 500]
2195
[1, 5, 10, 25, 50, 100, 500, 1000]
2195
[1]
2196
[1, 5]
2196
[1, 5, 10]
2196
[1, 5, 10, 25]
2196
[1, 5, 10, 25, 50]
2196
[1, 5, 10, 25, 50, 100]
2196
[1, 5, 10, 25, 50, 100, 500]
2196
[1, 5, 10, 25, 50, 100, 500, 1000]
2196
[1]
2197
[1, 5]
2197
[1, 5, 10]
2197
[1, 5, 10, 25]
2197
[1, 5, 10, 25, 50]
2197
[1, 5, 10, 25, 50, 100]
2197
[1, 5, 10, 25, 50, 100, 500]
2197
[1, 5, 10, 25, 50, 100, 500, 1000]
2197
[1]
2198
[1, 5]
2198
[1, 5, 10]
2198
[1, 5, 10, 25]
2198
[1, 5, 10, 25, 50]
2198
[1, 5, 10, 25, 50, 100]
2198
[1, 5, 10, 25, 50, 100, 500]
2198
[1, 5, 10, 25, 50, 100, 500, 1000]
2198
[1]
2199
[1, 5]
2199
[1, 5, 10]
2199
[1, 5, 10, 25]
2199
[1, 5, 10, 25, 50]
2199
[1, 5, 10, 25, 50, 100]
2199
[1, 5, 10, 25, 50, 100, 500]
2199
[1, 5, 10, 25, 50, 100, 500, 1000]
2199
[1]
2200
[1, 5]
2200
[1, 5, 10]
2200
[1, 5, 10, 25]
2200
[1, 5, 10, 25, 50]
2200
[1, 5, 10, 25, 50, 100]
2200
[1, 5, 10, 25, 50, 100, 500]
2200
[1, 5, 10, 25, 50, 100, 500, 1000]
2200
